300
300
10.0 10.0
250.0 250.0
15
1
5
191.02782080052208 139.9829797003194
186.80814647183 136.54270468178285
192.1665004268362 131.4089576548481
189.79019604395435 138.03480392293747
190.52020920450025 138.2506536858221
2
3
73.77516044764823 86.10030482670372
86.78127658259673 87.4468553141746
84.38735147576818 84.13863751764237
3
6
55.15988893137827 147.90457553009736
46.227973362923585 145.73426999717438
47.93846182191074 145.93658181118397
56.333149810170575 144.79276509525783
45.76705098555519 147.3034296321965
51.88396431466936 142.32876422490378
4
3
201.8492976320872 60.14801192214201
232.81213797694338 45.12212775058052
218.59077761103435 37.69859370613199
5
6
40.443437592701954 289.74031429103957
47.43896121141856 279.9893695594901
45.553604875888155 282.5217661713875
46.48442714682466 299.0
28.73354250669348 294.76194302635787
46.40418621349042 281.7777432787775
6
4
138.47464024142826 293.6094703957713
137.01964548358413 294.94398285049044
138.38266327005996 294.08823572368203
137.2609257630892 294.7508545841795
7
8
174.27280023516502 50.52153691002161
204.2200130002691 60.168411804431386
167.40788042570975 52.28005968224724
160.95192334365495 52.86481028124459
167.18373553174092 32.9737275332257
184.25256931747248 33.77188841238793
192.72039466637625 73.22279006245539
176.85051366225187 67.72908302810674
8
4
123.4003369740914 276.0857594355732
149.27558914211005 284.2433932458915
120.90253315776867 299.0
120.72927897183982 297.0402577961555
9
3
86.52592150787292 131.32842904308686
86.0976527342336 131.90087566090526
87.57315795703052 131.58847778456732
10
5
6.618331426669977 176.55453377027803
2.9202068591100225 173.35862002754166
5.3985457496941756 173.85041134116707
8.238509679462052 186.89780589684858
8.763467622872689 187.05490731732246
11
4
150.15654135616893 247.64443192401606
131.08025995016015 260.161869578901
147.68913598375423 244.8933963978557
146.9515655438437 261.61862242454544
12
10
105.92874254208691 91.45619926173305
89.66228989912265 91.55582510997334
105.9738123289197 82.39804137597795
89.13066290409265 94.83404303283055
105.5925378783116 92.72850200867512
100.9439793930897 83.88036263549219
103.86371720722293 94.53169725168573
112.47583295478323 102.07755628652822
105.36401332429679 104.57394821651414
102.73333870256704 75.93429910903352
13
6
36.08961661910568 7.546526856046392
34.75491713807474 19.510149700613155
29.999663918481012 23.020385368425693
15.863974861344646 16.32702125632139
29.718574949546568 18.27334286149068
24.760235414842942 3.65515364660099
14
5
100.98398973650984 18.880681078305585
94.98499131976713 25.141780726782706
88.85906553523853 15.553973422658288
93.96628433175243 2.94319223653228
91.44360279629076 16.129372487301943
15
8
79.93173741859462 51.18603573172618
45.32874521919779 62.4285322324873
42.36033453878416 61.340160163318984
52.639425184058574 75.71097773919547
85.27462965275328 64.60137477104917
76.42381746537663 80.72069066754518
71.12778626679089 49.194892222826105
93.1365411920227 52.58352063145563