300
300
5 5
290 290
3
1
9
258.17219485352206 235.37165383417627
251.22085911989512 254.31387481220926
222.92431625293614 272.7562424403646
204.74693479542157 272.67263946273175
207.245510358463 273.3960859287148
213.67217260601234 281.0328803834837
275.3769370923883 258.06367831193154
222.2401746999603 235.331491604173
218.28593046647126 245.0618633228696
2
4
113.04512130161186 198.72319875590733
72.27184591386754 174.9460939257189
97.37283454675102 213.0296033287161
84.55808323887628 207.71995876636115
3
3
47.608246449899426 299
19.151297162961257 265.08723728378453
16.85256696923546 299